0
0
0
0
0
0
0
14760
27720
38160
38160
37800
38160
37800
37440
38160
37800
38160
38160
38160
38160
37800
37800
37800
37800
38160
37800
37800
38160
37800
38160
38160
37800
37800
37800
38160
38160
37800
38160
37800
37800
38160
38160
37800
37800
38160
38160
37800
37800
37800
37800
38520
37800
38160
38160
37800
38160
37800
37800
37800
37800
38160
38160
37800
37800
37800
24840
10440
9720
7920
7200
0
24480
37800
37800
38160
37440
38160
37440
17280
9720
9000
12960
30960
37800
38160
37800
38160
37800
37800
29520
11520
10080
7560
9360
31680
38160
37800
37440
38160
37800
38160
38160
37800
29880
11520
10080
17280
31680
38160
38160
37800
38520
37800
37800
38160
37440
37440
37800
37800
38160
38160
37800
38160
37800
37800
38160
37800
37800
37800
38160
38160
38160
37800
37440
38160
21960
10440
9720
14400
36000
38160
37800
37800
37800
37440
38160
37800
37800
38160
37800
38160
38160
37800
37800
37800
37800
37800
37800
37800
38160
38160
38160
38160
37440
38160
37800
38160
38160
37800
38160
38160
37800
38160
37800
37800
38160
37800
37800
25560
18360
33120
38160
38160
37800
37800
38160
37800
37800
37440
37800
37440
37800
38160
37800
38160
37800
38160
37800
38160
38160
37800
38160
38160
37800
37440
38160
37800
37800
38160
37800
37800
38160
37800
38160
37800
37440
37800
37800
37440
36000
37440
35640
36360
35280
34200
34200
34200
34200
16200
9720
9360
7920
5040
0
0
0
0
0
0
0
27720
14400
9360
8640
7920
4320
0
0
0
0
0
0
0
0
0
0
0
22320
33840
34200
34200
34200
33840
34560
34200
24840
9000
10440
8280
7920
0
0
0
24120
37080
36360
37800
36000
34200
33840
34200
34200
21600
8640
0
2880
20520
1800
11520
34560
34200
34200
34200
34200
24120
9360
9720
7920
7920
0
0
0
0
0
0
0
0
0
0
0
0
0
0
0
0
0
0
0
0
0
0
0
0
0
0
27720
34200
34200
34200
34200
34560
34200
34200
34920
37080
37800
38160
38160
37800
38160
38160
37800
26280
10440
10080
18000
12600
10440
7200
8280
1440
0
0
0
0
0
0
0
0
0
0
0
28440
38160
38160
37800
37800
38160
37800
37800
38160
38160
37800
38160
37800
37800
38160
37800
37800
37800
37800
37800
26280
10440
10080
7920
36720
38160
38160
37800
38160
37800
37800
38160
37800
37800
37800
37440
38160
38160
37800
37800
37800
37800
38160
38160
38160
37800
38160
38160
37800
38160
37800
37800
37800
37800
37800
37800
37080
37800
37800
38160
38160
37800
38160
37800
37800
37080
34560
34200
34200
33840
34560
34200
34200
34200
34200
24840
34920
33840
34200
34200
34200
33840
34200
34200
37800
37800
38160
37800
38160
37800
37800
37800
38160
36000
34200
34200
33840
34200
33840
34200
34200
34200
34200
20520
17640
32760
34200
34200
34200
34560
34200
34200
24120
9360
10080
8280
7920
0
0
1800
33480
33840
33120
13320
9360
8640
8280
3960
0
0
0
0
0
0
0
0
0
0
0
0
0
0
0
0
0
720
0
0
0
0
4320
18720
34200
34200
34200
34560
34200
34200
34920
38160
37800
38160
38160
37800
38160
37800
38160
38160
38160
37800
38160
33840
13320
9720
8640
8280
2880
0
0
0
0
0
0
0
0
0
0
0
0
0
0
0
0
0
0
0
0
0
0
0
0
0
0
0
0
0
0
0
0
0
0
0
0
0
0
0
0
0
0
0
0
0
0
0
0
0
1800
36720
38160
38160
38160
37440
37800
38160
37800
38160
38160
37800
38160
37800
37800
37800
37800
37800
37800
38160
37800
37440
37080
34560
34200
34200
34200
34560
34200
34200
34200
34200
18000
9720
11520
25200
33840
14040
8640
9360
7920
4320
0
9000
34200
15120
9720
8640
8640
4680
0
0
0
0
1440
5760
0
0
0
0
0
0
0
0
0
0
8640
34200
34200
34200
33840
34200
33840
34560
36720
38160
37800
37440
37800
37800
37800
37440
37080
36000
34560
34200
21600
9360
10080
7920
6480
0
1080
0
0
0
17640
33840
34200
34200
34200
34200
34200
34560
34200
34200
34200
33840
33840
34200
34560
34200
34200
34200
21600
9720
9720
7920
6840
0
2160
6840
6480
0
0
0
0
0
0
0
0
9720
33840
21240
9360
9000
8280
6840
0
0
360
30600
34200
34200
34200
34200
34200
34200
34200
34560
35640
38160
38160
37800
37440
36360
34200
34200
34200
33840
14760
9720
9360
7920
1800
0
0
16200
33840
34200
34200
34200
34200
34200
34200
34200
34200
34200
34200
34200
34200
34200
34200
34200
34200
34200
34200
34560
34200
34200
34200
18360
9720
9360
13680
23400
16200
9360
9360
8640
13680
34200
34200
34200
34200
34200
20880
9360
7920
10080
16920
37800
37800
37440
38160
28080
11160
9360
7920
6480
27720
37800
38160
37800
37800
38160
37800
37800
37800
37800
37800
37800
37800
38160
37080
34560
36000
37080
34920
36720
35280
34560
33840
33840
34200
34200
34200
23760
9360
11160
24480
34200
23400
17640
29520
34200
34560
16920
9000
7560
8280
3600
0
0
0
0
0
0
0
0
0
0
0
0
0
0
0
0
0
0
0
0
0
0
0
0
0
0
0
0
0
0
0
0
0
0
0
6840
34200
34200
34200
34200
34200
34200
34200
34200
34920
36720
37800
37800
37800
36000
36360
37800
38160
37800
38160
38160
37800
38160
37800
37800
38160
37800
37800
38160
37440
34920
34200
33480
13680
9000
9000
8640
3960
0
0
0
0
0
0
0
360
5760
34200
34200
34200
34560
14040
8640
8280
7920
2160
0
0
4680
34200
34200
34200
34200
34920
36720
38160
38160
37800
38160
37800
37800
38160
37800
37800
37800
37800
37800
37800
38160
38160
38160
38160
37800
37800
37080
35640
34200
34200
34200
34200
29160
11160
9360
8640
14760
34560
34200
26280
10800
9000
9000
7920
720
0
0
0
0
0
0
0
0
0
0
0
0
0
0
0
0
0
0
0
0
0
0
0
0
0
0
0
0
0
0
0
0
0
0
0
0
0
0
0
0
0
0
0
0
0
0
0
0
0
0
0
0
0
0
0
0
0
0
7200
33840
34200
34200
34200
34200
34200
33840
35640
37800
37800
38160
37440
38160
38160
38160
37440
35280
34200
34200
15480
9720
9000
8280
4680
0
0
0
0
0
0
0
720
0
0
0
0
0
0
0
0
0
0
0
0
0
0
0
6840
34200
34200
34560
34200
34200
34200
34200
34200
33840
34200
34200
34200
33840
34200
34200
34200
34200
34560
34200
34200
34200
34200
34200
34200
34560
34200
34200
34200
34200
34200
34200
34200
28440
11160
10080
10800
20520
34200
34200
34200
34200
34200
29160
11160
9360
18720
20880
9360
9360
7560
6840
0
0
0
0
0
0
0
0
0
0
0
0
0
0
0
0
0
0
0
0
0
0
0
0
0
0
0
0
0
0
0
0
0
0
36720
37800
37800
37800
37800
37080
37800
37800
38160
37800
37800
38160
38520
37800
38160
37800
38160
38160
37800
38160
37800
36000
12960
0
26280
34560
34200
34200
34200
34200
34200
34200
33840
34560
34200
34200
34200
21600
9360
9360
7920
7200
0
0
0
0
16560
35280
37440
38160
38160
37800
37800
38160
38160
37440
34920
34200
34560
34200
36360
32760
18360
24480
34920
34920
23040
10440
5760
0
0
0
0
0
0
1440
0
3600
720
360
2520
360
360
3600
1440
720
360
360
0
0
0
0
0
0
0
0
0
0
0
0
0
0
0
0
0
0
0
0
0
0
0
0
0
0
0
0
360
0
0
0
0
0
0
0
0
0
0
0
0
0
7560
28800
10440
9360
8640
12240
34200
21960
9720
8640
7920
5040
31680
34200
34200
34200
33840
34200
34200
34200
34200
36360
38160
37800
37800
37800
36720
34200
34200
34560
34200
34200
34200
34200
34200
27720
10440
9720
720
8280
6120
2520
0
0
0
0
16200
34200
34560
34200
33840
34560
34200
34920
37800
37800
38160
37800
38160
38160
37800
38160
37800
37800
37800
37440
37800
38520
38160
38160
37800
38160
37800
38160
38160
37800
38160
22320
18360
35280
38160
37800
38160
37800
38160
38160
37800
38160
37800
38160
37800
37800
38160
37800
38160
38160
37800
37800
38160
37800
37800
37800
38160
37800
37800
37800
38160
38160
38160
37800
38160
38160
37800
38160
37800
38160
38160
38160
37800
37800
38160
37440
37800
37800
37440
17640
10080
10080
17640
37080
37440
37800
38160
37800
37800
37800
38160
38160
37800
38160
37800
37800
37800
38160
37800
37800
37800
37800
37800
38160
37800
38160
37800
37800
38160
38160
37800
38160
37800
35640
34200
34200
34200
24120
9720
10080
5760
0
2880
4680
2160
0
0
0
0
0
0
0
0
0
0
0
15120
34200
34200
33840
34200
33840
34200
34200
34200
34200
34200
34200
35280
37800
37800
37800
37800
38160
37080
36000
34200
34200
34200
25200
10800
9720
7560
8280
1440
0
0
0
0
0
0
0
0
0
0
0
0
0
0
0
0
0
0
0
0
0
0
0
0
0
0
0
0
0
0
0
0
0
0
0
0
0
0
0
0
0
0
0
0
0
0
0
0
0
2160
16200
34200
34200
34200
34200
34200
34200
35280
37800
37800
38160
37800
38160
37800
38160
37800
37800
38160
37800
37800
38160
37800
37800
37800
38160
37800
37800
38160
37800
37800
37800
38160
37800
38160
37800
38160
37800
37800
37800
37800
37800
37440
38160
36360
15480
9360
6480
0
0
22680
38160
37800
38160
37800
28080
2520
15840
22320
36720
37800
37800
37800
38160
37800
37800
37800
37800
37800
38160
37800
37800
37800
37800
38160
37800
38160
38160
37800
37800
38160
37800
37800
37800
38160
37800
38160
37800
38160
37800
37800
37800
38160
37080
38160
37800
37800
38160
37800
37800
38160
36360
33840
34200
34200
34200
27000
32760
34200
34200
19080
9000
9000
10800
21600
34200
34200
33840
33840
34200
33840
34200
34560
36360
37440
37440
37800
38160
37800
37800
37800
37800
37800
38160
37440
37800
37800
37800
38160
38160
37800
37800
37800
37800
38160
37800
38160
37800
37440
37800
38160
37440
37800
38160
37800
37800
38160
37800
37800
37800
37800
38160
37800
38160
37800
38160
37800
38160
37800
37800
37800
38160
37800
37800
38160
37800
38160
37800
38520
38880
38520
39240
38880
38880
38880
38880
38880
38880
39240
38880
38880
38880
38880
38880
38520
38880
38520
38880
38880
38880
38880
38880
38880
38880
39240
38880
38880
38880
38880
38880
38880
38880
38880
38880
38880
39240
38520
38880
38880
38880
38520
38880
38880
38880
38880
38880
38880
38880
38520
38880
38520
38880
38880
38880
38880
38880
38880
38880
38880
38880
38880
38880
21960
10080
9360
9720
22680
37800
38880
30240
18000
30240
37800
39240
38520
38520
39240
38520
38880
38880
39240
39240
38880
38880
38880
38880
38880
38880
38880
38880
38880
38880
38880
38880
38880
38160
39240
38880
38880
38880
39240
38880
38880
39240
38880
38880
39240
38520
38520
38880
38880
38880
38880
38880
38880
38520
38880
38520
38520
38880
38880
38880
38880
39240
38520
39240
38880
39240
38880
38880
38880
38880
38880
38880
38880
38880
38880
38880
38880
38880
24120
0
3240
8280
9000
20880
38880
38880
38880
38880
38880
38880
38880
38880
38880
39240
38880
38520
39240
38880
38520
38880
38520
38880
33840
1440
0
0
3960
16920
29520
38880
38880
38520
38880
38880
38880
38880
38880
38880
38880
38520
35640
34920
27360
360
20520
34920
34920
35280
34920
35280
34920
34920
34920
34920
34920
34920
35280
35640
37440
38880
39240
38880
38880
38520
37080
35280
34920
34920
34920
35280
34920
34200
13680
9720
9000
8280
3600
0
0
0
7200
35640
37440
38520
39240
39240
38880
37800
35280
34920
35280
34920
35280
34920
33480
12600
10080
8640
7920
3240
0
0
0
2880
36360
38880
38520
38880
38880
38880
13680
10440
0
1800
0
3960
360
1800
8280
1080
0
3600
38160
37800
37800
38160
37800
37800
38160
38160
37800
38160
37800
37800
37800
37800
38160
38160
18360
10440
0
360
15840
33480
33120
33480
33480
33480
33480
33120
33120
33120
33120
33120
33480
24120
17640
28440
33120
33120
33480
33120
33480
33480
33120
33120
33120
34560
39240
39960
40320
40320
39960
39960
39960
39960
39960
39960
39960
40320
39960
39960
39960
39960
39240
36360
36000
37080
39960
39960
40320
39960
40320
39960
40320
40320
39960
40320
39960
39960
40320
39960
39960
39960
39960
39960
39960
39960
39960
39960
39960
39960
39960
19800
6480
360
0
0
7200
29880
37800
38160
37080
12960
360
0
0
0
0
0
0
0
0
0
0
0
0
0
0
3240
7920
9720
9000
6120
0
8640
5040
5760
0
720
9000
25560
34560
34920
35280
34920
34920
34560
35640
34920
34920
34560
35280
34920
35280
37440
37440
37440
38160
37440
37800
37800
37800
37800
37800
37800
37800
37800
37800
37800
37800
37800
37800
37800
37800
37440
35640
34200
34200
34560
37080
37440
37800
37800
37800
37800
37800
37800
37800
37800
37800
37800
37440
38160
37800
37800
37800
37800
28440
8280
360
5040
4680
720
0
0
0
0
0
0
0
1800
9360
20160
35640
35280
35640
35640
35280
35280
35280
35640
35280
35640
36360
18360
0
0
0
5760
9360
720
0
8640
21240
33480
35640
35640
35640
35640
35640
35640
35640
35280
35280
33480
32040
31680
32400
32040
32040
32040
31680
31680
32400
32040
32040
32040
32040
31680
32040
32040
31680
32040
32040
31320
32040
32400
32040
32040
32040
32040
32040
32400
32040
32040
32040
31680
32040
32040
32040
31680
32400
31680
32040
32040
32040
32400
32040
32040
32040
32040
32040
32040
32040
32040
32040
32040
32400
34560
35640
35280
35280
35640
35640
35640
35640
33840
32400
32040
33480
35280
35280
32760
32040
30240
32400
32040
32040
25200
10440
10080
8280
7920
360
0
0
0
0
0
0
0
0
0
0
0
0
0
0
0
0
0
0
0
0
4320
24480
14400
11880
11880
12240
15840
35640
33120
34920
35280
35280
34920
34920
34920
34920
35280
35280
35280
34920
34920
34920
34920
34920
35280
34920
34920
35280
36000
36000
35640
36720
36000
36000
36000
36000
36000
36000
36360
36000
36000
36000
36000
36000
36000
35640
36000
36000
36000
36360
29880
17280
27000
35640
36000
35640
36000
36000
36000
36000
36000
36000
36000
36000
36000
35640
36360
36000
36000
36360
35640
36360
35640
36000
36360
36360
36000
36000
36000
35640
36360
36000
36000
36000
36000
36000
36000
36000
35640
36000
35640
36000
36000
36360
36000
36360
36000
36360
36000
36000
36000
36000
36000
